3.73906726e-08
3.9967566818e-08
4.27180985517e-08
4.56536903068e-08
4.87864969194e-08
5.21294512237e-08
5.56963124837e-08
5.95017177494e-08
6.35612363094e-08
6.78914274201e-08
7.25099015026e-08
7.74353850076e-08
8.26877891621e-08
8.82882828225e-08
9.42593696699e-08
1.00624969999e-07
1.07410507365e-07
1.14643000365e-07
1.2235115985e-07
1.30565491879e-07
1.39318406743e-07
1.48644334391e-07
1.58579846651e-07
1.69163786597e-07
1.80437405494e-07
1.9244450773e-07
2.05231604195e-07
2.18848074579e-07
2.33346339091e-07
2.48782040118e-07
2.65214234397e-07
2.82705596263e-07
3.01322632609e-07
3.21135910199e-07
3.42220296017e-07
3.64655211377e-07
3.88524900549e-07
4.13918714705e-07
4.40931412021e-07
4.69663474818e-07
5.00221444692e-07
5.32718276582e-07
5.67273712844e-07
6.04014678384e-07
6.4307569802e-07
6.84599337253e-07
7.28736667726e-07
7.7564775869e-07
8.25502195885e-07
8.78479629291e-07
9.3477035131e-07
9.9457590699e-07
1.058109738e-06
1.12559786217e-06
1.19727959044e-06
1.27340828321e-06
1.35425214824e-06
1.44009508217e-06
1.53123755803e-06
1.62799756112e-06
1.73071157584e-06
1.83973562602e-06
1.95544637168e-06
2.07824226503e-06
2.20854476884e-06
2.34679964034e-06
2.49347828419e-06
2.64907917784e-06
2.81412937321e-06
2.98918607844e-06
3.17483832391e-06
3.37170871678e-06
3.58045528853e-06
3.80177344029e-06
4.03639799076e-06
4.28510533217e-06
4.54871569938e-06
4.82809555805e-06
5.12416011783e-06
5.43787597665e-06
5.77026390283e-06
6.12240176184e-06
6.49542759474e-06
6.89054285602e-06
7.30901581858e-06
7.75218515409e-06
8.2214636974e-06
8.71834240402e-06
9.24439451001e-06
9.80127990434e-06
1.03907497238e-05
1.10146511817e-05
1.16749326408e-05
1.23736489435e-05
1.31129670108e-05
1.38951717229e-05
1.47226720953e-05
1.5598007765e-05
1.65238557998e-05
1.75030378485e-05
1.85385276463e-05
1.96334588926e-05
2.07911335193e-05
2.2015030368e-05
2.33088142939e-05
2.46763457185e-05
2.61216906503e-05
2.76491311958e-05
2.92631765841e-05
3.09685747284e-05
3.27703243487e-05
3.46736876826e-05
3.66842038105e-05
3.88077026233e-05
4.10503194621e-05
4.34185104612e-05
4.59190686243e-05
4.85591406698e-05
5.13462446777e-05
5.42882885752e-05
5.73935894986e-05
6.0670894071e-05
6.4129399635e-05
6.77787764859e-05
7.16291911469e-05
7.56913307338e-05
7.99764284577e-05
8.44962903144e-05
8.92633230134e-05
9.42905632015e-05
9.95917080351e-05
0.000105181147163
0.000111073996177
0.000117286131598
0.000123834227462
0.000130735793572
0.000138009215488
0.000145673796339
0.000153749800519
0.000162258499353
0.000171222218826
0.000180664389448
0.000190609598347
0.000201083643696
0.000212113591558
0.000223727835248
0.000235956157336
0.000248829794374
0.00026238150448
0.000276645637884
0.000291658210569
0.000307456981117
0.000324081530908
0.000341573347799
0.000359975913417
0.000379334794232
0.000399697736543
0.000421114765536
0.000443638288589
0.000467323202981
0.000492227008179
0.000518409922897
0.000545935007101
0.000574868289154
0.000605278898315
0.000637239202792
0.000670824953558
0.000706115434165
0.000743193616784
0.000782146324705
0.000823064401548
0.00086604288744
0.000911181202426
0.00095858333738
0.00100835805271
0.00106061908514
0.00111548536287
0.00117308122944
0.00123353667661
0.00129698758659
0.00136357598397
0.0014334502977
0.0015067656335
0.00158368405704
0.00166437488838
0.00174901500791
0.00183778917442
0.0019308903555
0.00202852007092
0.00213088874931
0.00223821609872
0.00235073149136
0.00246867436336
0.00259229462964
0.00272185311481
0.00285762200042
0.00299988528919
0.00314893928681
0.00330509310196
0.00346866916503
0.00364000376636
0.00381944761451
0.0040073664153
0.00420414147231
0.00441017030957
0.00462586731715
0.0048516644204
0.00508801177363
0.0053353784791
0.00559425333202
0.00586514559245
0.00614858578504
0.00644512652742
0.00675534338821
0.00707983577549
0.00741922785686
0.00777416951197
0.00814533731856
0.00853343557303
0.0089391973467
0.00936338557878
0.00980679420719
0.0102702493384
0.0107546104575
0.0112607716798
0.0117896630446
0.0123422518537
0.0129195440545
0.0135225856701
0.014152464277
0.0148103105323
0.015497299752
0.0162146535412
0.0169636414781
0.0177455828534
0.0185618484666
0.0194138624808
0.0203031043374
0.021231110733
0.0221994776594
0.0232098625089
0.0242639862473
0.0253636356546
0.0265106656378
0.0277070016151
0.0289546419753
0.0302556606137
0.0316122095468
0.0330265216067
0.0345009132193
0.0360377872667
0.0376396360366
0.0393090442611
0.041048692247
0.0428613590999
0.0447499260435
0.046717379839
0.0487668163036
0.0509014439332
0.0531245876313
0.0554396925448
0.0578503280119
0.0603601916231
0.0629731133978
0.0656930600804
0.0685241395575
0.0714706053992
0.0745368615277
0.0777274670156
0.081047141017
0.084500767834
0.0880934021218
0.0918302742357
0.0957167957215
0.0997585649549
0.10396137293
0.108331209203
0.112874267989
0.117596954428
0.122505890999
0.127607924114
0.132910130877
0.138419826012
0.144144568972
0.150092171224
0.156270703719
0.162688504548
0.169354186783
0.176276646515
0.183465071088
0.190928947528
0.198678071181
0.20672255455
0.215072836345
0.223739690748
0.232734236891
0.24206794855
0.251752664074
0.261800596523
0.272224344051
0.283036900511
0.294251666304
0.30588245946
0.317943526968
0.330449556346
0.343415687464
0.356857524618
0.370791148856
0.38523313057
0.400200542335
0.41571097203
0.431782536208
0.44843389375
0.465684259781
0.483553419867
0.502061744488
0.521230203789
0.541080382615
0.561634495832
0.582915403932
0.604946628927
0.627752370539
0.651357522676
0.675787690203
0.701069206019
0.727229148416
0.754295358748
0.782296459401
0.811261872051
0.841221836244
0.872207428258
0.904250580284
0.937384099901
0.971641689862
1.00705796818
1.0436684885
1.08150976082
1.12061927248
1.16103550942
1.20279797784
1.24594722603
1.29052486661
1.336573599
1.3841372322
1.43326070786
1.48399012365
1.53637275691
1.59045708856
1.6462928273
1.70393093414
1.7634236471
1.82482450624
1.88818837895
1.9535714855
2.02103142478
2.09062720036
2.16241924678
2.23646945599
2.31284120414
2.39159937846
2.47281040448
2.55654227332
2.64286456928
2.73184849755
2.82356691211
2.91809434381
3.0155070286
3.11588293587
3.21930179698
3.32584513384
3.4355962877
3.54864044788
3.66506468077
3.78495795875
3.90841118921
4.03551724367
4.16637098682
4.30106930567
4.43971113862
4.58239750451
4.72923153173
4.88031848711
5.03576580487
5.19568311543
5.36018227404
5.52937738942
5.70338485208
5.88232336261
6.06631395966
6.25548004779
6.44994742499
6.64984431002
6.85530136943
7.06645174423
7.28343107626
7.50637753423
7.73543183927
7.97073729019
8.21243978819
8.46068786119
8.71563268758
8.97742811949
9.24623070554
9.52219971292
9.80549714891
10.0962877818
10.3947391609
10.7010216363
11.0153083775
11.3377753912
11.6686015387
12.0079685522
12.3560610501
12.7130665518
13.079175491
13.4545812286
13.8394800643
14.2340712471
14.6385569847
15.053142452
15.4780357986
15.9134481542
16.3595936339
16.8166893416
17.2849553722
17.7646148126
18.255893741
18.7590212251
19.274229319
19.8017530579
20.3418304518
20.8947024778
21.4606130704
22.0398091102
22.6325404111
23.2390597053
23.8596226275
24.4944876964
25.1439162946
25.8081726466
26.4875237952
27.1822395757
27.8925925879
28.6188581665
29.3613143491
30.1202418424
30.8959239858
31.6886467134
32.4986985135
33.3263703857
34.171955796
35.0357506298
35.9180531416
36.8191639037
37.7393857514
38.6790237263
39.6383850169
40.6177788972
41.6175166618
42.6379115596
43.6792787245
44.7419351026
45.8261993788
46.9323918986
48.0608345887
49.2118508745
50.3857655946
51.5829049131
52.8035962288
54.0481680817
55.3169500574
56.6102726874
57.9284673479
59.2718661555
60.6408018593
62.0356077318
63.456617455
64.9041650059
66.3785845372
67.8802102566
69.4093763026
70.966416618
72.55166482
74.1654540684
75.80811693
77.4799852414
79.181389968
80.9126610613
82.6741273127
84.4661162052
86.2889537621
88.1429643936
90.02847074
91.9457935133
93.8952513355
95.8771605754
97.8918351814
99.9395865139
102.020723174
104.135550829
106.28437204
108.46748608
110.685188758
112.937772236
115.225524842
117.54873089
119.907670485
122.30261934
124.733848581
127.201624557
129.706208638
132.24785703
134.826820568
137.443344521
140.09766839
142.79002571
145.520643843
148.289743776
151.097539919
153.944239896
156.830044339
159.755146684
162.719732962
165.723981591
168.768063171
171.85214027
174.97636722
178.140889911
181.345845576
184.591362589
187.877560256
191.204548607
194.572428192
197.981289871
201.431214616
204.922273302
208.454526508
212.028024313
215.642806099
219.298900351
222.996324461
226.735084535
230.515175198
234.336579406
238.199268255
242.103200797
246.048323859
250.034571855
254.061866619
258.13011722
262.239219798
266.389057391
270.579499773
274.81040329
279.081610706
283.392951046
287.744239449
292.13527702
296.565850689
301.035733079
305.544682366
310.092442157
314.678741367
319.3032941
323.965799538
328.665941831
333.403389999
338.177797837
342.988803819
347.836031018
352.719087026
357.637563884
362.591038012
367.579070153
372.601205314
377.656972729
382.745885808
387.867442113
393.021123325
398.20639523
403.422707704
408.669494708
413.946174293
419.252148608
424.58680392
429.949510635
435.339623335
440.756480819
446.199406146
451.667706699
457.160674244
462.677585007
468.21769975
473.780263864
479.364507465
484.969645496
490.594877849
496.239389477
501.902350533
507.582916504
513.280228359
498.059647054
482.911425265
467.891878742
453.056995319
438.462279148
424.162596226
410.212021642
396.663688966
383.569642187
370.980690617
358.946267147
347.514290254
336.731030127
326.640979297
317.286728105
308.708845365
300.945764548
294.03367579
288.006424036
282.895413582
278.729519295
275.535004745
273.33544747
272.151671596
272.001687977
272.90064204
274.860769459
277.891359798
281.998728215
287.186195296
293.454075102
300.799671434
309.21728234
318.698212857
329.230795946
340.800421564
353.3895738
366.977875969
381.542143544
397.056444778
413.49216886
430.818101405
449.000507087
468.00321918
487.787735764
508.313322336
529.537120546
551.414262752
573.897992102
596.939787786
620.489495143
644.49546025
668.904668629
693.6628877
718.714812582
744.004214848
769.474093821
795.066830011
820.724340259
846.388234171
851.103216495
855.727721338
860.297660877
864.811894866
869.269292542
873.668733097
878.009106144
882.289312181
886.508263057
890.664882428
894.758106216
898.786883059
902.750174761
906.646956738
910.476218457
914.236963871
917.928211852
921.548996618
925.098368149
928.575392604
931.979152733
935.308748275
938.563296358
941.741931887
944.843807927
947.868096079
950.813986849
953.680690008
956.467434947
959.173471021
961.798067882
964.340515815
966.800126052
969.176231084
971.468184965
973.675363602
975.79716504
977.833009734
979.782340814
981.644624339
983.419349538
985.106029049
986.704199135
988.213419904
989.633275504
990.963374317
992.203349141
993.352857355
994.411581079
995.379227321
996.25552811
997.040240622
997.733147289
998.334055906
998.842799711
999.259237468
999.583253532
999.814757901
999.953686258
1000.0
999.953686258
999.814757901
999.583253532
999.259237468
998.842799711
998.334055906
997.733147289
997.040240622
996.25552811
995.379227321
994.411581079
993.352857355
992.203349141
990.963374317
989.633275504
988.213419904
986.704199135
985.106029049
983.419349538
981.644624339
979.782340814
977.833009734
975.79716504
973.675363602
971.468184965
969.176231084
966.800126052
964.340515815
961.798067882
959.173471021
956.467434947
953.680690008
950.813986849
947.868096079
944.843807927
941.741931887
938.563296358
935.308748275
931.979152733
928.575392604
925.098368149
921.548996618
917.928211852
914.236963871
910.476218457
906.646956738
902.750174761
898.786883059
894.758106216
890.664882428
886.508263057
882.289312181
878.009106144
873.668733097
869.269292542
864.811894866
860.297660877
855.727721338
851.103216495
846.425295607
841.69511647
836.913844946
832.082654485
827.202725648
822.275245632
817.301407788
812.282411151
807.219459955
802.11376316
796.966533977
791.778989391
786.552349688
781.287837983
775.986679749
770.65010235
765.279334575
759.875606172
754.44014739
748.974188521
743.478959443
737.955689174
732.405605418
726.829934128
721.229899062
715.60672135
709.961619064
704.295806792
698.610495215
692.906890697
687.186194867
681.44960422
675.698309719
669.933496395
664.156342965
658.368021452
652.569696807
646.762526542
640.947660369
635.126239844
629.299398024
623.46825912
617.633938165
611.797540693
605.960162414
600.122888906
594.286795308
588.452946032
582.622394464
576.796182694
570.975341235
565.160888768
559.353831876
553.555164805
547.765869219
541.98691397
536.219254874
530.4638345
524.721581958
518.993412707
513.280228359
507.582916504
501.902350533
496.239389477
490.594877849
484.969645496
479.364507465
473.780263864
468.21769975
462.677585007
457.160674244
451.667706699
446.199406146
440.756480819
435.339623335
429.949510635
424.58680392
419.252148608
413.946174293
408.669494708
403.422707704
398.20639523
393.021123325
387.867442113
382.745885808
377.656972729
372.601205314
367.579070153
362.591038012
357.637563884
352.719087026
347.836031018
342.988803819
338.177797837
333.403389999
328.665941831
323.965799538
319.3032941
314.678741367
310.092442157
305.544682366
301.035733079
296.565850689
292.13527702
287.744239449
283.392951046
279.081610706
274.81040329
270.579499773
266.389057391
262.239219798
258.13011722
254.061866619
250.034571855
246.048323859
242.103200797
238.199268255
234.336579406
230.515175198
226.735084535
222.996324461
219.298900351
215.642806099
212.028024313
208.454526508
204.922273302
201.431214616
197.981289871
194.572428192
191.204548607
187.877560256
184.591362589
181.345845576
178.140889911
174.97636722
171.85214027
168.768063171
165.723981591
162.719732962
159.755146684
156.830044339
153.944239896
151.097539919
148.289743776
145.520643843
142.79002571
140.09766839
137.443344521
134.826820568
132.24785703
129.706208638
127.201624557
124.733848581
122.30261934
119.907670485
117.54873089
115.225524842
112.937772236
110.685188758
108.46748608
106.28437204
104.135550829
102.020723174
99.9395865139
97.8918351814
95.8771605754
93.8952513355
91.9457935133
90.02847074
88.1429643936
86.2889537621
84.4661162052
82.6741273127
80.9126610613
79.181389968
77.4799852414
75.80811693
74.1654540684
72.55166482
70.966416618
69.4093763026
67.8802102566
66.3785845372
64.9041650059
63.456617455
62.0356077318
60.6408018593
59.2718661555
57.9284673479
56.6102726874
55.3169500574
54.0481680817
52.8035962288
51.5829049131
50.3857655946
49.2118508745
48.0608345887
46.9323918986
45.8261993788
44.7419351026
43.6792787245
42.6379115596
41.6175166618
40.6177788972
39.6383850169
38.6790237263
37.7393857514
36.8191639037
35.9180531416
35.0357506298
34.171955796
33.3263703857
32.4986985135
31.6886467134
30.8959239858
30.1202418424
29.3613143491
28.6188581665
27.8925925879
27.1822395757
26.4875237952
25.8081726466
25.1439162946
24.4944876964
23.8596226275
23.2390597053
22.6325404111
22.0398091102
21.4606130704
20.8947024778
20.3418304518
19.8017530579
19.274229319
18.7590212251
18.255893741
17.7646148126
17.2849553722
16.8166893416
16.3595936339
15.9134481542
15.4780357986
15.053142452
14.6385569847
14.2340712471
13.8394800643
13.4545812286
13.079175491
12.7130665518
12.3560610501
12.0079685522
11.6686015387
11.3377753912
11.0153083775
10.7010216363
10.3947391609
10.0962877818
9.80549714891
9.52219971292
9.24623070554
8.97742811949
8.71563268758
8.46068786119
8.21243978819
7.97073729019
7.73543183927
7.50637753423
7.28343107626
7.06645174423
6.85530136943
6.64984431002
6.44994742499
6.25548004779
6.06631395966
5.88232336261
5.70338485208
5.52937738942
5.36018227404
5.19568311543
5.03576580487
4.88031848711
4.72923153173
4.58239750451
4.43971113862
4.30106930567
4.16637098682
4.03551724367
3.90841118921
3.78495795875
3.66506468077
3.54864044788
3.4355962877
3.32584513384
3.21930179698
3.11588293587
3.0155070286
2.91809434381
2.82356691211
2.73184849755
2.64286456928
2.55654227332
2.47281040448
2.39159937846
2.31284120414
2.23646945599
2.16241924678
2.09062720036
2.02103142478
1.9535714855
1.88818837895
1.82482450624
1.7634236471
1.70393093414
1.6462928273
1.59045708856
1.53637275691
1.48399012365
1.43326070786
1.3841372322
1.336573599
1.29052486661
1.24594722603
1.20279797784
1.16103550942
1.12061927248
1.08150976082
1.0436684885
1.00705796818
0.971641689862
0.937384099901
0.904250580284
0.872207428258
0.841221836244
0.811261872051
0.782296459401
0.754295358748
0.727229148416
0.701069206019
0.675787690203
0.651357522676
0.627752370539
0.604946628927
0.582915403932
0.561634495832
0.541080382615
0.521230203789
0.502061744488
0.483553419867
0.465684259781
0.44843389375
0.431782536208
0.41571097203
0.400200542335
0.38523313057
0.370791148856
0.356857524618
0.343415687464
0.330449556346
0.317943526968
0.30588245946
0.294251666304
0.283036900511
0.272224344051
0.261800596523
0.251752664074
0.24206794855
0.232734236891
0.223739690748
0.215072836345
0.20672255455
0.198678071181
0.190928947528
0.183465071088
0.176276646515
0.169354186783
0.162688504548
0.156270703719
0.150092171224
0.144144568972
0.138419826012
0.132910130877
0.127607924114
0.122505890999
0.117596954428
0.112874267989
0.108331209203
0.10396137293
0.0997585649549
0.0957167957215
0.0918302742357
0.0880934021218
0.084500767834
0.081047141017
0.0777274670156
0.0745368615277
0.0714706053992
0.0685241395575
0.0656930600804
0.0629731133978
0.0603601916231
0.0578503280119
0.0554396925448
0.0531245876313
0.0509014439332
0.0487668163036
0.046717379839
0.0447499260435
0.0428613590999
0.041048692247
0.0393090442611
0.0376396360366
0.0360377872667
0.0345009132193
0.0330265216067
0.0316122095468
0.0302556606137
0.0289546419753
0.0277070016151
0.0265106656378
0.0253636356546
0.0242639862473
0.0232098625089
0.0221994776594
0.021231110733
0.0203031043374
0.0194138624808
0.0185618484666
0.0177455828534
0.0169636414781
0.0162146535412
0.015497299752
0.0148103105323
0.014152464277
0.0135225856701
0.0129195440545
0.0123422518537
0.0117896630446
0.0112607716798
0.0107546104575
0.0102702493384
0.00980679420719
0.00936338557878
0.0089391973467
0.00853343557303
0.00814533731856
0.00777416951197
0.00741922785686
0.00707983577549
0.00675534338821
0.00644512652742
0.00614858578504
0.00586514559245
0.00559425333202
0.0053353784791
0.00508801177363
0.0048516644204
0.00462586731715
0.00441017030957
0.00420414147231
0.0040073664153
0.00381944761451
0.00364000376636
0.00346866916503
0.00330509310196
0.00314893928681
0.00299988528919
0.00285762200042
0.00272185311481
0.00259229462964
0.00246867436336
0.00235073149136
0.00223821609872
0.00213088874931
0.00202852007092
0.0019308903555
0.00183778917442
0.00174901500791
0.00166437488838
0.00158368405704
0.0015067656335
0.0014334502977
0.00136357598397
0.00129698758659
0.00123353667661
0.00117308122944
0.00111548536287
0.00106061908514
0.00100835805271
0.00095858333738
0.000911181202426
0.00086604288744
0.000823064401548
0.000782146324705
0.000743193616784
0.000706115434165
0.000670824953558
0.000637239202792
0.000605278898315
0.000574868289154
0.000545935007101
0.000518409922897
0.000492227008179
0.000467323202981
0.000443638288589
0.000421114765536
0.000399697736543
0.000379334794232
0.000359975913417
0.000341573347799
0.000324081530908
0.000307456981117
0.000291658210569
0.000276645637884
0.00026238150448
0.000248829794374
0.000235956157336
0.000223727835248
0.000212113591558
0.000201083643696
0.000190609598347
0.000180664389448
0.000171222218826
0.000162258499353
0.000153749800519
0.000145673796339
0.000138009215488
0.000130735793572
0.000123834227462
0.000117286131598
0.000111073996177
0.000105181147163
9.95917080351e-05
9.42905632015e-05
8.92633230134e-05
8.44962903144e-05
7.99764284577e-05
7.56913307338e-05
7.16291911469e-05
6.77787764859e-05
6.4129399635e-05
6.0670894071e-05
5.73935894986e-05
5.42882885752e-05
5.13462446777e-05
4.85591406698e-05
4.59190686243e-05
4.34185104612e-05
4.10503194621e-05
3.88077026233e-05
3.66842038105e-05
3.46736876826e-05
3.27703243487e-05
3.09685747284e-05
2.92631765841e-05
2.76491311958e-05
2.61216906503e-05
2.46763457185e-05
2.33088142939e-05
2.2015030368e-05
2.07911335193e-05
1.96334588926e-05
1.85385276463e-05
1.75030378485e-05
1.65238557998e-05
1.5598007765e-05
1.47226720953e-05
1.38951717229e-05
1.31129670108e-05
1.23736489435e-05
1.16749326408e-05
1.10146511817e-05
1.03907497238e-05
9.80127990434e-06
9.24439451001e-06
8.71834240402e-06
8.2214636974e-06
7.75218515409e-06
7.30901581858e-06
6.89054285602e-06
6.49542759474e-06
6.12240176184e-06
5.77026390283e-06
5.43787597665e-06
5.12416011783e-06
4.82809555805e-06
4.54871569938e-06
4.28510533217e-06
4.03639799076e-06
3.80177344029e-06
3.58045528853e-06
3.37170871678e-06
3.17483832391e-06
2.98918607844e-06
2.81412937321e-06
2.64907917784e-06
2.49347828419e-06
2.34679964034e-06
2.20854476884e-06
2.07824226503e-06
1.95544637168e-06
1.83973562602e-06
1.73071157584e-06
1.62799756112e-06
1.53123755803e-06
1.44009508217e-06
1.35425214824e-06
1.27340828321e-06
1.19727959044e-06
1.12559786217e-06
1.058109738e-06
9.9457590699e-07
9.3477035131e-07
8.78479629291e-07
8.25502195885e-07
7.7564775869e-07
7.28736667726e-07
6.84599337253e-07
6.4307569802e-07
6.04014678384e-07
5.67273712844e-07
5.32718276582e-07
5.00221444692e-07
4.69663474818e-07
4.40931412021e-07
4.13918714705e-07
3.88524900549e-07
3.64655211377e-07
3.42220296017e-07
3.21135910199e-07
3.01322632609e-07
2.82705596263e-07
2.65214234397e-07
2.48782040118e-07
2.33346339091e-07
2.18848074579e-07
2.05231604195e-07
1.9244450773e-07
1.80437405494e-07
1.69163786597e-07
1.58579846651e-07
1.48644334391e-07
1.39318406743e-07
1.30565491879e-07
1.2235115985e-07
1.14643000365e-07
1.07410507365e-07
1.00624969999e-07
9.42593696699e-08
8.82882828225e-08
8.26877891621e-08
7.74353850076e-08
7.25099015026e-08
6.78914274201e-08
6.35612363094e-08
5.95017177494e-08
5.56963124837e-08
5.21294512237e-08
4.87864969194e-08
4.56536903068e-08
4.27180985517e-08
3.9967566818e-08
